-13
150
-93
17
1111111111111111111111111111111111111111111111111111111111111111111111111111111111111111111111111111111111111111111111111111111111111111111111111111111111111111111
1111111111111111111111111111111111111111111111111111111111111111111111111111111111111111111111111111111111111111111111111111111111111111111111111111111111111111111
1111111111111111111111111111111111111111111111111111111111111111111111111111111111111111111111111111111111111111111111111111111111111111111111111111111111111111111
1111111111111111111111111111111111111111111111111111111111111111111111111111111111111111111111111111111111111111111111111111111111111111111111111111111111111111111
1111111111111111111111111111111111111111111111111111111111111111111111111111111111111111111111111111111111111111111111111111111111111111111111111111111111111111111
1111111111111111111111111111111111111111111111111111111111111111111111111111111111111111111111111111111111111111111111111111111111111111111111111111111111111111111
1111110000000001111111111111100000000011111001111111111111111111111111111111111111111111111111111111111111111111111111111111111111111111111111111111111111111111111
1111100000000000111111111111000000000000000000111111111111111111111111100000111111111111111111111111111111111111111111111111111111111111111111111111111111111111111
1111100000000000000011111111000001100000000000011111111111111111111111100000001111111111111111111111111111111111111111111111111111111111111111111111111111111111111
1111000000000000000001111110000001100000000000011111111111111111111110000000001111111111111111111111111111111111111111111111111111111111111111111111111111111111111
1111000000000000000000011110000000000000000000011111111111111111111100000000000111111111111111111111111111111111111111111111111111111111111111111111111111111111111
1111000000000000000000011110000000000000000000011111111111111111111000000000000111111111111111111111111111111111111111111111111111111111111111111111111111111111111
1111000000000000000000011110000000000000000000011111111111111111111000000000000001111111111111111111111111111111111111111111111111111111111111111111111111111111111
1111000000000000000000011110000000000110000000011111111111111110000000000000000001111111111111111111111111111111111111111111111111111111111111111111111111111111111
1111000000000000000000011110000000000110001000011111111111111100000000000000000000111111111111111111111111111111111111111111111111111111111111111111111111111111111
1111000000000000000000011110000000001110001100011111111111111000000000000000000000011111111111111111111111111111111111111111111111111111111111111111111111111111111
1111100000000000000000011110000000001110001100011111111111111000000000000000000000011111111111111111111111111111111111111111111111111111111111111111111111111111111
1111110000000000000111111111100000011110000100011111111111111000000000000000000000001111111111111111111111111111111111111111111111111111111111111111111111111111111
1111111100000011111111111111110000011100000000011111111111111000011000000000000000001111111111111111111111111111111111111111111111111111111111111111111111111111111
1111111111111111111111111111110000011000000000011111111111111000111000000111110000001111111111111111111111111111111111111111111111111111111111111111111111111111111
1111111111111111111111111111111000000000000000011111111111111000111000001111111000001111111111111111111111111111111111111111111111111111111111111111111111111111111
1111111111111111111111111111111000000000000000011111111111111000000000001111111000001111111111111111111111111111111111111111111111111111111111111111111111111111111
1111111111111111111111111111110000000000000000111111111111111100000000001111111000001111111111111111111111111111111111111111111111111111111111111111111111111111111
1111111111111111111111111111110000000000000001111111111111111110000000001111110000001111111111111111111111111111111111111111111111111111111111111111111111111111111
1111111111111111111111111111100000000111000001111111111111111111100000000111000000001111111111111111111111111111111111111111111111111111111111111111111111111111111
1111111111111111111111111111000000001111000001111111111111111111111100000000000000001111111111111111111111111111111111111111111111111111111111111111111111111111111
1111111111111111111111111110000000001110000000111110011111111111111100000000000000011111111111111111111111111111111111111111111111111111111111111111111111111111111
1111111111111111111111111110000000001100000000011100011111111111111100000000000000111111111111111111111111111111111111111111111111111111111111111111111111111111111
1111111111111111111111111110000000001100000000000000000111111111111100000000000000111111111111111111111111111111111111111111111111111111111111111111111111111111111
1111111111111111111111111110000000000000000000000000000111111111111000000000000000111111111111111111111111111111111111111111111111111111111111111111111111111111111
1111111111111111111111111111000110000000000000000000000111111111111000000000000000011111111111111111111111111111111111111111111111111111111111111111111111111111111
1111111111111111111111111111111110000000000000000000011111111111111100000000000000111111111111111111111111111111111111111111111111111111111111111111111111111111111
1111111111111111111111111111111110000000011110000000011111111111111110000000000011111111111111111111111111111111111111111111111111111111111111111111111111111111111
1111111111111111111111111111111100000000011111000000011111111111111111110000011111111111111111111111111111111111111111111111111111111111111111111111111111111111111
1111111111111111111111111111111100000000011111000000001111111111111111110000011111111111111111111111111111111111111111111111111111111111111111111111111111111111111
1111111111111111111111111111111100000000011111000000000111111111111111110000011111111111111111111111111111111111111111111111111111111111111111111111111111111111111
1111111111111111111111111111111100000000011111000000000111111111111111110000011111111111111111111111111111111111111111111111111111111111111111111111111111111111111
1111111111111111111111111111111100000000001111000000000111111111111111110000111111111111111111111111111111111111111111111111111111111111111111111111111111111111111
1111111111111111111111110000000110000000001100000000001100011111111111110000111111111111111111111111111111111111111111111111111111111111111111111111111111111111111
1111111111111111111111000000000110000000000000000000001100000111111111110000111111111111111111111111111111111111111111111111111111111111111111111111111111111111111
1111111111111111111111000000000000000110000000000000000000000111111111110000111111111111111111111111111111111111111111111111111111111111111111111111111111111111111
1111111111111111111110000000000000000110000000011100000000000111111111110000111111111111111111111111111111111111111111111111111111111111111111111111111111111111111
1111111111111111111110000000000000000000000000111100000000000111111111110000111111111111111111111111111111111111111111111111111111111111111111111111111111111111111
1111111111111111111110000000000000000000000011111000000000001111111111111000111111111111111111111111111111111111111111111111111111111111111111111111111111111111111
1111111111111111111111000000000000000000000011110000000000001110000111111000111111111111111111111111111111111111111111111111111111111111111111111111111111111111111
1111111111111111111111110000000111110000000000000000000000001100000011111000111111111111111111111111111111111111111111111111111111111111111111111111111111111111111
1111111111111111111111110000000111110000000000000000000000000000000001110000111111111111111111111111111111111111111111111111111111111111111111111111111111111111111
1111111111111111111111111000000111110000000000000000000000000000000001100000001111111111111111000000011111111111111100000000011111111111111111110000000011111111111
1111111111111111111111111000000011110000000000000110000000000000000000000000001111111111111000000000000011111111110000000000000011111111111111100000000011111111111
1111111111111111111111001000000011110000000000001111100000100000000000000000001111111111110000000000000000111111100000000000000000011111111111000000000011111111111
1111111111111111111000000000000000000000011000001111100000111000000000000000001111111111100000000000000000011111100000000000000000011000011110000000000001111111111
1111111111111111110000000000000000000000111000001111100000111111100000000000001111111110000000000000000000011111100000000000000000011000011110000000000001111111111
1111111111111111100000000000000000000000110000001111100000111111100000000000001111110000000000000011110000001111110000000110000000010000011100000000000001111111111
1111111111111110000000000000000000000000000000001111000000000000000011000000001111100000000000000011110000001111110000000111110000000000011100000000000001111111111
1111111111111000000111100000000000000000000000000110000000000000000011000000001111000000000000000111111000001111110000000111111000000000011100001110000001111111111
1111111110000000001111110000000000000000000000000000000000000000000011100000001111000000011100000111111000000111111000000011111000000000111100001110000001111111111
1111110000000000111111111110000000001100000000000000000000000000000011100000001111100000111100000111111000000111111000000011111111000001111100001110000011111111111
1111100000000001111111111111100000011100000000000000000000000000000001100000001111110000111000000011111000000111111000000011111111000001111100001110000011111111111
1111000000000111111111111111100000011000000000000000000000000000000001100000011111111111111000000011110000000111111000000011111110000001111100001100000111100001111
1111000001111111111111111111100000000000000000000000000000001100000001100000011111111111110000000011110000001111111100000000000000000001111111111100000111100001111
1111000011111111111111111111100000000000000000000000000000111100000000000000111111111111110000000000000000001111111100000000000000000001111111111000000000000000111
1111000111111111111111111111100000000000000000000000000000111100000000000000111111111111110000000000000000001111111100000000000000000011111111111000000000000000111
1111000111111111111111111111110000000000000000000000000000111100000000000001111111111111110000000000000000011111111110000000000000000111111111111000000000000000011
1110000011111111111111111111111100000000000111000000000000111100000000000001111111111111111000000000000000111111111110000000000000001111111111111111000000000000011
1110000011111111111111111111111111111000001111110000001111111110000000001111111111111111111100001111100000111111111111111000011111111111111111111111000000000000011
1110000000111111111111111111111111111000001111111111111111111111111111111111111111111111111111111111111111111111111111111111111111111111111111111111111111100001111
1110000000001111111111111111111110000000001111111111111111111111111111111111111111111111111111111111111111111111111111111111111111111111111111111111111111100001111
1111000000001111111111111111100000000000001111111100000000001111111111111111111111111111111111111111111111111111111111111111111111111111111111111111111111100001111
1111100000001111111111111111100000000000001111110000000000000000000011111111111111111111111111111111111111111111111111111111111111111111111111111111111111111111111
1111100000111111111111111111000000000000000111100000000000000000000000000111111111111111111111111111111111111111111111111111111111111111111111111111111111111111111
1111100011111111111111110000000000000000000000000000000000000000000000000011111111111111111111111111111111111111111111111111111111111111111111111111111111111111111
1111100011111111111100000000000000000000000000000000000000000000000000000001111111111111111111111111111111111111111111111111111111111111111111111111111111111111111
1111100011111111111000000000000000000000000000000000000000000000001110000001111111111111111111111111111111111111111111111111111111111111111111111111111111111111111
1111100011111111111000000110000000000000000000000000000000000000001110000001111111111111111111111111111111111111111111111111111111111111111111111111111111111111111
1111100011111111111000001111111000000000000000000000000110000000001110000001111111111111111111111111111111111111111111111111111111111111111111111111111111111111111
1100000011111111111000001111111100000000000000000000001111000000000000000001111111111111111111111111111111111111111111111111111111111111111111111111111111111111111
1000000000000000000000000111111111000000011110000000001111000000000000000001111111111111111111111111111111111111111111111111111111111111111111111111111111111111111
1000000000000000000000000111111111000000111111000000001110000000000000000001111111111111111111111111111111111111111111111111111111111111111111111111111111111111111
0000000000000000000000000011111111000000111111100000000000000001111110000000111111111111111111111111111111111111111111111111111111111111111111111111111111111111111
0000000000001111111000000001111111000000111111100000000000000111111111000000111111111111111111111111111111111111111111111111111111111111111111111111111111111111111
1000000011111111111000000001111100000000111111100000000000001111111111111111111111111111111111111111111111111111111111111111111111111111111111111111111111111111111
1111111111111111111000000000111000000000111111110000000000001111111111111111111111111111111111111111111111111111111111111111111111111111111111111111111111111111111
1111111111111111111000000000000000000000000111111000000000001111111111111111111111111111111111111111111111111111111111111111111111111111111111111111111111111111111
1111111111111111111100000000000000000000000011111000000000001111111111111111111111111111111111111111111111111111111111111111111111111111111111111111111111111111111
1111111111111111111111100000000000000000000000000000000000000000000000000000000111111111111111111111111111111111111111111111111111111111111111111111111111111111111
1111111111111111111111111000000000000000000000000000000000000000000000000000000111111111111111111111111111111111111111111111111111111111111111111111111111111111111
1111111111111111111111111111000000000000000000000000000000000000000000000000000111111111111111111111111111111111111111111111111111111111111111111111111111111111111
1111111111111111111111111111111000000000000000000000000000000000000000000000000111111111111111111111111111111111111111111111111111111111111111111111111111111111111
1111111111111111111111111111111111000000000000000000000000001111111111111111111111111111111111111111111111111111111111111111111111111111111111111111111111111111111
1111111111111111111111111111111111111111110000000000000000111111111111111111111111111111111111111111111111111111111111111111111111111111111111111111111111111111111
1111111111111111111111111111111111111111111110000000000000111111111111111111111111111111111111111111111111111111111111111111111111111111111111111111111111111111111
1111111111111111111111111111111111111111111111110000000111111111111111111111111111111111111111111111111111111111111111111111111111111111111111111111111111111111111
1111111111111111111111111111111111111111111111111111101111111111111111111111111111111111111111111111111111111111111111111111111111111111111111111111111111111111111
1111111111111111111111111111111111111111111111111111111111111111111111111111111111111111111111111111111111111111111111111111111111111111111111111111111111111111111
1111111111111111111111111111111111111111111111111111111111111111111111111111111111111111111111111111111111111111111111111111111111111111111111111111111111111111111
1111111111111111111111111111111111111111111111111111111111111111111111111111111111111111111111111111111111111111111111111111111111111111111111111111111111111111111
1111111111111111111111111111111111111111111111111111111111111111111111111111111111111111111111111111111111111111111111111111111111111111111111111111111111111111111
1111111111111111111111111111111111111111111111111111111111111111111111111111111111111111111111111111111111111111111111111111111111111111111111111111111111111111111
1111111111111111111111111111111111111111111111111111111111111111111111111111111111111111111111111111111111111111111111111111111111111111111111111111111111111111111
1111111111111111111111111111111111111111111111111111111111111111111111111111111111111111111111111111111111111111111111111111111111111111111111111111111111111111111
1111111111111111111111111111111111111111111111111111111111111111111111111111111111111111111111111111111111111111111111111111111111111111111111111111111111111111111
1111111111111111111111111111111111111111111111111111111111111111111111111111111111111111111111111111111111111111111111111111111111111111111111111111111111111111111
1111111111111111111111111111111111111111111111111111111111111111111111111111111111111111111111111111111111111111111111111111111111111111111111111111111111111111111
1111111111111111111111111111111111111111111111111111111111111111111111111111111111111111111111111111111111111111111111111111111111111111111111111111111111111111111
1111111111111111111111111111111111111111111111111111111111111111111111111111111111111111111111111111111111111111111111111111111111111111111111111111111111111111111
1111111111111111111111111111111111111111111111111111111111111111111111111111111111111111111111111111111111111111111111111111111111111111111111111111111111111111111
1111111111111111111111111111111111111111111111111111111111111111111111111111111111111111111111111111111111111111111111111111111111111111111111111111111111111111111
1111111111111111111111111111111111111111111111111111111111111111111111111111111111111111111111111111111111111111111111111111111111111111111111111111111111111111111
1111111111111111111111111111111111111111111111111111111111111111111111111111111111111111111111111111111111111111111111111111111111111111111111111111111111111111111
1111111111111111111111111111111111111111111111111111111111111111111111111111111111111111111111111111111111111111111111111111111111111111111111111111111111111111111
